
additional latency = 30ms
#--------------------------------------------------------------------------------------------
tau_early		 tau_late		  gain_early       gain_late_transient      gain_late_sustained

2.25749429e-02,   7.75684651e-02,   4.58459830e+00,   2.99114983e+00,  			4.85709094e-01,   
0.03198961,       0.11447561,       4.11191134,       3.50956688,      			-0.43296169,      
1.98056864e-02,   5.22448633e-02,   4.57669628e+00,   3.56341783e+00,  			4.68093988e-01,   
1.53606437e-02,   3.29298839e-01,   6.52557652e+00,   1.68605532e+01,  			-9.07244384e+00,  
2.30687863e-02,   6.92524829e-02,   4.28707898e+00,   3.18698771e+00,  			2.44597140e-03,   
1.15466834e-02,   4.03855353e-02,   1.14769614e+01,   2.41832860e+00,  			2.34873688e-01,   
1.83748434e-02,  -5.38201195e-02,   1.20591171e+01,   2.72170367e+00,  			-2.36155617e+00,  
1.61288335e-02,   2.17487630e-01,   1.10360034e+01,   8.62553102e+00,  			-3.88549040e+00,  
1.76518095e-02,   4.21941125e-02,   9.57135317e+00,   1.11631642e+00,  			4.18179760e-01,  
2.15997306e-02,   2.22902711e+00,   9.47511944e+00,   2.78420119e+02,  			-3.02987218e+02,  

additional latency = 20ms
#-------------------------------------------------------------------------------------------- 


0.0220971        0.27025952       4.6342073        7.83871738               -2.89936421
3.06095490e-02   6.88047119e-01   4.15356519e+00   3.36932013e+01           -2.54956095e+01
1.93475952e-02   1.25512467e-01   4.62012094e+00   4.04008409e+00           -2.58626354e-01
Cannot find
0.02225023       0.17617935       4.36428635       5.66159544               -1.82417788
1.15464808e-02   1.01454117e-01   1.14768317e+01   1.87318252e+00           -2.58708309e-02
cannot find
1.61288319e-02   7.57994064e-01   1.10360035e+01   4.89938516e+01           -3.84406083e+01
1.76514438e-02   8.96556890e-02   9.57140109e+00   8.85420893e-01            3.46592927e-01 
2.16187840e-02   5.47957173e+00   9.47227483e+00   2.92425233e+02           -2.89939969e+02








